Overlap.dir	117	141	48	52	-24	119-143-20-3.05	84.615	33.06	2.48	2	0.52
Distant.dir	3980	10979	1745	1731	5254	5141-12128-20-2.78	96.167	1593.04	7.03	7	0.67
Distant.dir	3980	13884	1749	1750	8155	3980-13884-57-5.88	86.969	1254.62	7.14	7	0.57
Distant.dir	4592	72427	459	471	67376	4764-72599-20-4.47	63.559	241.67	6.82	8	0.36
Distant.dir	10957	13867	1767	1776	1143	10985-13890-46-6.07	85.271	1206.85	6.92	7	0.65
Distant.dir	14494	72427	387	388	57546	14666-72599-20-4.47	58.763	187.50	6.90	8	0.38
Close.dir	18272	18347	35	35	40	18274-18349-33-2.00	97.143	32.56	2.00	2	1.00
Distant.dir	28066	41668	149	149	13453	28099-41701-56-2.99	97.987	142.99	2.51	2	0.51
Overlap.dir	29924	29954	99	99	-69	29949-29979-23-2.33	87.879	77.74	2.70	3	0.70
Distant.dir	32892	39731	1747	1749	5092	33404-40245-96-2.07	97.086	1633.51	6.60	7	0.53
Distant.dir	32892	79038	364	363	45782	32905-79051-30-4.20	84.110	241.70	6.96	7	0.98
Distant.dir	32894	71717	825	810	37998	32906-71729-70-5.90	70.192	423.29	6.79	7	0.54
Distant.dir	33585	72890	6510	6511	32795	38931-78243-59-2.51	92.172	5330.09	3.97	3	0.57
Close.dir	34647	34762	53	55	62	34647-34762-27-4.85	83.636	30.32	3.86	4	0.86
Distant.dir	34695	81206	1533	1521	44978	34824-81334-22-2.95	74.712	677.65	3.86	4	0.86
Distant.dir	39733	71717	827	810	31157	39774-71758-41-6.73	70.228	427.58	6.91	7	0.51
Distant.dir	40348	80029	1132	1152	38549	40811-80515-28-6.55	74.552	479.77	5.96	5	0.46
Distant.dir	40426	72890	1054	1051	31410	40491-72954-52-4.93	92.519	870.11	6.81	7	0.59
Overlap.dir	41528	41668	145	147	-5	41561-41701-29-3.00	96.599	130.84	2.55	3	0.49
Overlap.dir	46435	46441	73	68	-67	46488-46489-20-8.85	76.712	31.90	3.62	3	0.58
Distant.dir	48310	50735	171	171	2254	48312-50737-51-2.00	96.491	157.63	2.00	2	1.00
Distant.dir	52089	54283	182	181	2012	52112-54306-21-2.00	91.209	145.41	2.00	2	1.00
Overlap.dir	54658	54662	31	31	-27	54668-54672-21-2.81	90.323	23.74	2.87	3	0.87
Overlap.dir	57836	58147	469	447	-158	58021-58323-24-2.00	71.489	175.87	2.34	2	0.66
Overlap.dir	59215	59217	40	40	-38	59215-59217-40-16.95	100.000	39.29	2.95	3	0.95
Distant.dir	61033	63324	25	25	2266	61036-63327-22-8.84	96.000	24.69	5.08	5	0.44
Overlap.dir	61036	61037	20	20	-19	61036-61037-20-8.85	100.000	21.43	4.95	5	0.95
Overlap.dir	63196	63198	151	150	-149	63327-63328-20-9.73	62.025	27.00	3.43	3	0.84
Distant.dir	63325	72852	29	29	9498	63330-72857-21-5.88	89.655	24.77	5.17	6	0.48
Overlap.dir	63484	63516	108	108	-76	63494-63526-31-4.08	96.296	97.53	2.70	3	0.70
Distant.dir	64723	68712	164	160	3825	64758-68746-22-2.00	76.970	74.31	2.00	2	1.00
Close.dir	70465	71272	441	444	366	70501-71308-39-2.00	94.382	381.70	2.00	2	1.00
Distant.dir	71717	79040	352	353	6971	71729-79052-29-4.24	95.467	318.85	7.00	7	1.00
Close.dir	72391	72859	138	138	330	72391-72859-36-2.82	26.812	63.29	8.32	8	0.38
Close.dir	73949	74064	38	38	77	73949-74064-23-5.00	89.474	29.33	3.75	4	0.75
Distant.dir	73996	81205	1534	1522	5675	73996-81205-27-3.11	76.493	756.68	3.85	4	0.85
Overlap.dir	77115	77130	49	49	-34	77131-77146-29-2.60	83.673	32.34	4.69	5	0.69
Distant.inv	3980	32892	1746	1742	27166	3980-34557-77-5.88	88.209	1302.19	6.74	7	0.44
Distant.inv	3980	34952	6557	6523	24415	3980-41446-29-6.66	86.054	4578.82	4.28	3	0.54
Distant.inv	3980	72867	1069	1069	67818	4220-73662-36-3.81	95.717	954.77	7.03	7	0.44
Distant.inv	3980	80029	1140	1147	74909	3984-81144-28-6.82	75.214	503.82	6.17	5	0.46
Distant.inv	4920	71717	804	814	65993	5070-72320-50-2.73	80.929	622.50	6.99	7	0.50
Distant.inv	5371	74254	5166	5139	63717	5371-79318-75-4.39	86.221	3636.29	3.53	3	0.68
Distant.inv	9249	81478	1285	1249	70944	9256-82696-24-2.25	75.561	598.74	4.00	4	1.00
Distant.inv	10920	80123	1099	1112	68104	10985-81144-26-6.88	74.889	489.48	5.90	5	0.48
Distant.inv	10933	32893	1777	1787	20183	10985-34582-46-6.10	87.458	1297.16	6.51	7	0.51
Distant.inv	10947	72878	1092	1090	60839	11219-73669-29-4.00	94.698	955.05	6.73	7	0.59
Distant.inv	10974	39732	1736	1748	27022	10985-41446-23-7.00	87.684	1278.91	6.90	7	0.77
Distant.inv	11918	71717	791	814	59008	12060-72336-34-3.00	79.218	594.03	6.85	7	0.48
Distant.inv	12356	79039	354	354	66329	12371-79343-35-5.71	93.503	310.09	7.00	7	1.00
Distant.inv	13884	32893	1746	1741	17263	13884-34577-57-5.89	85.392	1167.76	6.69	6	0.46
Distant.inv	13884	39728	1750	1747	24094	13884-41446-29-6.66	85.344	1179.87	7.01	7	0.67
Distant.inv	13884	72896	1040	1040	57972	13884-73882-54-5.93	94.818	914.35	7.01	7	0.45
Distant.inv	13884	80123	1038	1053	65201	13888-81144-28-6.82	75.936	476.68	6.24	5	0.50
Distant.inv	14788	71712	846	815	56078	15189-72140-20-2.62	66.667	370.99	6.90	7	0.45
Distant.inv	15268	79035	366	366	63401	15294-79333-43-5.29	88.556	279.35	6.95	7	0.98
Distant.inv	46482	63327	27	27	16818	46488-63327-21-9.14	88.889	22.13	5.04	5	0.39
Distant.inv	46488	61036	21	21	14527	46488-61036-21-8.71	100.000	22.02	4.93	5	0.93
Close.inv	72427	72882	445	445	10	72599-73135-20-4.47	66.742	271.79	6.28	7	0.37
