Close.dir	109	161	32	32	20	109-161-32-2.00	100.000	31.85	2.00	2	1.00
Distant.dir	3980	10979	1745	1731	5254	3986-10985-46-5.85	96.167	1593.04	6.90	7	0.77
Distant.dir	3980	13884	1749	1750	8155	3980-13884-57-5.88	86.969	1254.62	6.90	7	0.75
Distant.dir	10957	13867	1767	1776	1143	10985-13890-46-5.82	85.271	1206.85	6.81	7	0.73
Close.dir	18272	18347	35	35	40	18274-18349-33-2.00	97.143	32.56	2.00	2	1.00
Distant.dir	28066	41668	149	149	13453	28099-41701-56-2.99	97.987	142.99	2.51	2	0.51
Overlap.dir	29924	29954	99	99	-69	29987-30017-28-2.00	87.879	77.74	2.70	3	0.70
Distant.dir	32892	39731	1747	1749	5092	33404-40245-96-2.07	97.086	1633.51	6.93	7	0.78
Distant.dir	32892	79038	364	363	45782	32905-79051-30-3.40	84.110	241.70	6.96	7	0.98
Distant.dir	32894	71717	825	810	37998	32906-71729-70-5.11	70.192	423.29	6.74	7	0.57
Distant.dir	33499	80021	1228	1247	45294	33970-80515-28-5.84	75.296	541.54	6.28	6	0.43
Distant.dir	33585	72890	6510	6511	32795	38931-78243-59-2.51	92.172	5330.09	3.91	3	0.66
Close.dir	34647	34762	53	55	62	34647-34762-27-4.43	83.636	30.32	4.26	4	0.65
Distant.dir	34762	81189	50	49	46377	34762-81189-28-4.55	90.000	36.05	4.30	4	0.70
Distant.dir	39733	71717	827	810	31157	39774-71758-41-5.98	70.228	427.58	6.73	7	0.57
Distant.dir	40348	80029	1132	1152	38549	40811-80515-28-5.84	74.552	479.77	6.46	6	0.46
Distant.dir	40426	72890	1054	1051	31410	40491-72954-52-4.71	92.519	870.11	6.60	7	0.48
Overlap.dir	41528	41668	145	147	-5	41561-41701-29-3.00	96.599	130.84	2.55	3	0.49
Distant.dir	48310	50735	171	171	2254	48312-50737-51-2.00	96.491	157.63	2.00	2	1.00
Distant.dir	52089	54283	182	181	2012	52235-54428-28-2.00	91.209	145.41	2.00	2	1.00
Overlap.dir	59215	59217	40	40	-38	59215-59217-40-13.80	100.000	39.29	2.95	3	0.95
Overlap.dir	63484	63516	108	108	-76	63494-63526-31-4.08	96.296	97.53	2.70	3	0.70
Close.dir	70465	71272	441	444	366	70501-71308-39-2.00	94.382	381.70	2.00	2	1.00
Distant.dir	71717	79040	352	353	6971	71729-79052-29-3.45	95.467	318.85	7.00	7	1.00
Close.dir	72391	72859	138	138	330	72391-72859-36-2.29	26.812	63.29	6.52	7	0.86
Distant.dir	73996	81205	1534	1522	5675	73996-81205-27-2.76	76.493	756.68	2.96	2	0.48
Overlap.dir	77115	77130	49	49	-34	77131-77146-29-2.48	83.673	32.34	4.69	5	0.69
Distant.inv	3980	32892	1746	1742	27166	3980-34557-77-5.58	88.209	1302.19	6.93	7	0.78
Distant.inv	3980	34952	6557	6523	24415	3980-41446-29-6.26	86.054	4578.82	4.05	3	0.73
Distant.inv	3980	72867	1069	1069	67818	4220-73662-36-3.79	95.717	954.77	6.58	7	0.49
Distant.inv	3980	80029	1140	1147	74909	3984-81144-28-6.82	75.214	503.82	6.47	6	0.46
Distant.inv	4920	71717	804	814	65993	5070-72320-50-2.73	80.929	622.50	6.72	7	0.56
Distant.inv	5371	74254	5166	5139	63717	5371-79318-75-4.23	86.221	3636.29	3.41	3	0.80
Distant.inv	10920	80123	1099	1112	68104	10985-81144-26-6.44	74.889	489.48	6.41	6	0.48
Distant.inv	10933	32893	1777	1787	20183	10985-34582-46-5.85	87.458	1297.16	6.85	7	0.75
Distant.inv	10947	72878	1092	1090	60839	11219-73669-29-3.98	94.698	955.05	6.51	7	0.49
Distant.inv	10974	39732	1736	1748	27022	11032-41395-28-4.77	87.684	1278.91	6.90	7	0.77
Distant.inv	11918	71717	791	814	59008	12060-72336-34-3.00	79.218	594.03	6.66	7	0.54
Distant.inv	12356	79039	354	354	66329	12371-79343-35-5.71	93.503	310.09	7.00	7	1.00
Distant.inv	13884	32893	1746	1741	17263	13884-34577-57-5.84	85.392	1167.76	6.91	7	0.75
Distant.inv	13884	39728	1750	1747	24094	13884-41446-29-6.26	85.344	1179.87	6.90	7	0.75
Distant.inv	13884	72896	1040	1040	57972	13884-73882-54-5.93	94.818	914.35	6.61	7	0.48
Distant.inv	13884	80123	1038	1053	65201	13888-81144-28-6.82	75.936	476.68	6.56	6	0.50
Distant.inv	14788	71712	846	815	56078	15294-72018-34-5.76	66.667	370.99	6.66	7	0.51
Distant.inv	15268	79035	366	366	63401	15294-79333-43-5.19	88.556	279.35	6.95	7	0.98
